{
    "_versionMajor": 0,
    "_versionMinor": 2,
    "boundsCenter": {
        "x": 0,
        "y": 0,
        "z": 0.1
    },
    "boundsSize": {
        "x": 0.26189291477203,
        "y": 0.711344480514526,
        "z": 0.191714882850647
    },
    "clipEpsilon": 0.0260803941637278,
    "crop": {
        "w": 0.546558737754822,
        "x": 0.342105269432068,
        "y": 0.453441292047501,
        "z": 0.204453408718109
    },
    "depthFocalLength": {
        "x": 1084.01892089844,
        "y": 1081.68774414063
    },
    "depthImageSize": {
        "x": 1920.0,
        "y": 1080.0
    },
    "depthPrincipalPoint": {
        "x": 953.057861328125,
        "y": 534.339477539063
    },
    "extrinsics": {
        "e00": 1,
        "e01": 0,
        "e02": 0,
        "e03": 0,
        "e10": 0,
        "e11": 1,
        "e12": 0,
        "e13": 0,
        "e20": 0,
        "e21": 0,
        "e22": 1,
        "e23": 0,
        "e30": 0,
        "e31": 0,
        "e32": 0,
        "e33": 1
    },
    "farClip": 0.712456107139587,
    "format": "perpixel",
    "nearClip": 0.52074122428894,
    "numAngles": 1,
    "textureHeight": 1152,
    "textureWidth": 384
}
