{
    "_versionMajor": 0,
    "_versionMinor": 2,
    "boundsCenter": {
        "x": 0,
        "y": 0,
        "z": 1.21233558654785
    },
    "boundsSize": {
        "x": 3.37221527099609,
        "y": 1.90095913410187,
        "z": 1.38318860530853
    },
    "clipEpsilon": 0.00361483590677381,
    "crop": {
        "w": 1.0,
        "x": 0.374493926763535,
        "y": 0.0,
        "z": 0.246963649988174
    },
    "depthFocalLength": {
        "x": 1084.01892089844,
        "y": 1081.68774414063
    },
    "depthImageSize": {
        "x": 1920.0,
        "y": 1080.0
    },
    "depthPrincipalPoint": {
        "x": 953.057861328125,
        "y": 534.339477539063
    },
    "extrinsics": {
        "e00": 1,
        "e01": 0,
        "e02": 0,
        "e03": 0,
        "e10": 0,
        "e11": 1,
        "e12": 0,
        "e13": 0,
        "e20": 0,
        "e21": 0,
        "e22": 1,
        "e23": 0,
        "e30": 0,
        "e31": 0,
        "e32": 0,
        "e33": 1
    },
    "farClip": 1.90392982959747,
    "format": "perpixel",
    "nearClip": 0.52074122428894,
    "numAngles": 1,
    "textureHeight": 2144,
    "textureWidth": 464
}
